[gd_scene load_steps=16 format=3 uid="uid://deg1nn70120d0"]

[ext_resource type="PackedScene" path="res://characters/HitBox.tscn" id="1"]
[ext_resource type="PackedScene" uid="uid://cewmijyi5sxkm" path="res://characters/enemies/raw_assets/reptilemonster/reptilemonster.glb" id="2"]
[ext_resource type="Script" path="res://characters/enemies/Monster.gd" id="3"]
[ext_resource type="PackedScene" path="res://characters/HealthManager.tscn" id="4"]
[ext_resource type="PackedScene" path="res://characters/CharacterMover.tscn" id="5"]
[ext_resource type="Script" path="res://characters/enemies/AimAtObject.gd" id="6"]
[ext_resource type="PackedScene" uid="uid://b6xqi6kom3w57" path="res://weapons/FireballSpawner.tscn" id="7"]

[sub_resource type="CapsuleShape3D" id="2"]
radius = 0.0981433
height = 0.314858

[sub_resource type="CapsuleShape3D" id="3"]
radius = 0.0524217
height = 0.352849

[sub_resource type="CapsuleShape3D" id="4"]
radius = 0.104214
height = 0.349405

[sub_resource type="CapsuleShape3D" id="5"]
radius = 0.0690896
height = 0.383891

[sub_resource type="BoxShape3D" id="6"]
size = Vector3(0.439702, 0.446058, 0.319348)

[sub_resource type="BoxShape3D" id="7"]
size = Vector3(0.419544, 0.376522, 0.317364)

[sub_resource type="CapsuleShape3D" id="8"]
radius = 0.124146
height = 0.433489

[sub_resource type="CapsuleShape3D" id="1"]

[node name="ReptileMonster" type="CharacterBody3D"]
collision_layer = 2
collision_mask = 3
script = ExtResource("3")
attack_range = 100.0

[node name="Graphics" parent="." instance=ExtResource("2")]

[node name="ArmUL" type="BoneAttachment3D" parent="Graphics/Armature/Skeleton3D" index="1"]
transform = Transform3D(-0.768204, 0.639068, -0.0381404, -0.634004, -0.767684, -0.0932756, -0.0888892, -0.0474735, 0.994909, 0.218738, 1.59086, 0.0117653)
bone_name = "upper_arm.l"
bone_idx = 2

[node name="HitBox" parent="Graphics/Armature/Skeleton3D/ArmUL" instance=ExtResource("1")]

[node name="CollisionShape3D" type="CollisionShape3D" parent="Graphics/Armature/Skeleton3D/ArmUL/HitBox"]
transform = Transform3D(1, -7.45058e-09, 4.87082e-07, 2.28174e-08, -1.86265e-08, -0.999999, 2.98023e-08, 1, 7.45058e-09, 1.19209e-07, 0.0948911, 0.0180897)
shape = SubResource("2")

[node name="ArmLL" type="BoneAttachment3D" parent="Graphics/Armature/Skeleton3D" index="2"]
transform = Transform3D(-0.859372, 0.371408, -0.351477, -0.506519, -0.712558, 0.48549, -0.0701327, 0.595246, 0.800477, 0.43137, 1.33543, -0.00403016)
bone_name = "lower_arm.l"
bone_idx = 3

[node name="HitBox" parent="Graphics/Armature/Skeleton3D/ArmLL" instance=ExtResource("1")]

[node name="CollisionShape3D" type="CollisionShape3D" parent="Graphics/Armature/Skeleton3D/ArmLL/HitBox"]
transform = Transform3D(1, -3.72529e-08, 2.94298e-07, -1.49012e-08, 0, -0.999999, -2.6077e-08, 1, -1.78814e-07, -0.0117407, 0.234712, 3.8743e-07)
shape = SubResource("3")

[node name="ArmUR" type="BoneAttachment3D" parent="Graphics/Armature/Skeleton3D" index="3"]
transform = Transform3D(-0.768204, -0.639068, 0.0381405, 0.634004, -0.767684, -0.0932756, 0.0888892, -0.0474735, 0.994909, -0.218738, 1.59086, 0.0117653)
bone_name = "upper_arm.r"
bone_idx = 4

[node name="HitBox" parent="Graphics/Armature/Skeleton3D/ArmUR" instance=ExtResource("1")]

[node name="CollisionShape3D" type="CollisionShape3D" parent="Graphics/Armature/Skeleton3D/ArmUR/HitBox"]
transform = Transform3D(1, -7.45058e-09, 4.87082e-07, 2.28174e-08, -1.86265e-08, -0.999999, 2.98023e-08, 1, 7.45058e-09, 1.19209e-07, 0.0948911, 0.0180897)
shape = SubResource("2")

[node name="ArmLR" type="BoneAttachment3D" parent="Graphics/Armature/Skeleton3D" index="4"]
transform = Transform3D(-0.859371, -0.371408, 0.351477, 0.506519, -0.712557, 0.48549, 0.0701327, 0.595246, 0.800477, -0.43137, 1.33543, -0.00403017)
bone_name = "lower_arm.r"
bone_idx = 5

[node name="HitBox" parent="Graphics/Armature/Skeleton3D/ArmLR" instance=ExtResource("1")]

[node name="CollisionShape3D" type="CollisionShape3D" parent="Graphics/Armature/Skeleton3D/ArmLR/HitBox"]
transform = Transform3D(1, -3.72529e-08, 2.94298e-07, -1.49012e-08, 0, -0.999999, -2.6077e-08, 1, -1.78814e-07, -0.0117407, 0.234712, 3.8743e-07)
shape = SubResource("3")

[node name="LegUL" type="BoneAttachment3D" parent="Graphics/Armature/Skeleton3D" index="5"]
transform = Transform3D(-0.974353, 0.104194, 0.199444, -0.0552489, -0.969979, 0.236828, 0.218133, 0.219736, 0.950858, 0.123436, 0.961497, 1.56462e-07)
bone_name = "upper_leg.l"
bone_idx = 6

[node name="HitBox" parent="Graphics/Armature/Skeleton3D/LegUL" instance=ExtResource("1")]

[node name="CollisionShape3D" type="CollisionShape3D" parent="Graphics/Armature/Skeleton3D/LegUL/HitBox"]
transform = Transform3D(0.994824, -1.19209e-07, 0.101612, 0.101612, 7.45058e-08, -0.994824, 7.45058e-08, 1, 1.3411e-07, 0.0219205, 0.149119, 0.00113523)
shape = SubResource("4")

[node name="LegUR" type="BoneAttachment3D" parent="Graphics/Armature/Skeleton3D" index="6"]
transform = Transform3D(-0.974353, -0.104195, -0.199445, 0.0552499, -0.969979, 0.236828, -0.218134, 0.219736, 0.950857, -0.123436, 0.961497, 1.56462e-07)
bone_name = "upper_leg.r"
bone_idx = 8

[node name="HitBox" parent="Graphics/Armature/Skeleton3D/LegUR" instance=ExtResource("1")]

[node name="CollisionShape3D" type="CollisionShape3D" parent="Graphics/Armature/Skeleton3D/LegUR/HitBox"]
transform = Transform3D(0.994824, 0.000551179, 0.10161, 0.101612, -0.00540012, -0.994808, 4.17233e-07, 0.999985, -0.00542815, -0.0107605, 0.144166, -0.00500005)
shape = SubResource("4")

[node name="LegLL" type="BoneAttachment3D" parent="Graphics/Armature/Skeleton3D" index="7"]
transform = Transform3D(-0.978013, -0.0485491, 0.20281, 0.0195293, -0.989571, -0.14271, 0.207624, -0.135611, 0.968761, 0.175063, 0.48088, 0.108877)
bone_name = "lowerleg.l"
bone_idx = 7

[node name="HitBox" parent="Graphics/Armature/Skeleton3D/LegLL" instance=ExtResource("1")]

[node name="CollisionShape3D" type="CollisionShape3D" parent="Graphics/Armature/Skeleton3D/LegLL/HitBox"]
transform = Transform3D(0.999974, 4.47035e-08, 0.00725056, 0.00725058, 1.3411e-07, -0.999973, -5.96046e-08, 1, 7.45058e-08, 0.00244702, 0.15962, -0.0164546)
shape = SubResource("5")

[node name="LegLR" type="BoneAttachment3D" parent="Graphics/Armature/Skeleton3D" index="8"]
transform = Transform3D(-0.978013, 0.0485482, -0.202811, -0.0195284, -0.989572, -0.14271, -0.207625, -0.13561, 0.968761, -0.175064, 0.48088, 0.108877)
bone_name = "lowerleg.r"
bone_idx = 9

[node name="HitBox" parent="Graphics/Armature/Skeleton3D/LegLR" instance=ExtResource("1")]
transform = Transform3D(1, -1.86265e-09, 1.49012e-08, 1.86265e-09, 1, 0, 0, 1.49012e-08, 1, 0, 0, 0)

[node name="CollisionShape3D" type="CollisionShape3D" parent="Graphics/Armature/Skeleton3D/LegLR/HitBox"]
transform = Transform3D(0.999619, -2.08616e-07, -0.0275625, -0.0275625, 4.47035e-08, -0.999619, 2.83122e-07, 1, 1.49012e-08, -0.0070924, 0.232689, -0.00450149)
shape = SubResource("5")

[node name="Hip" type="BoneAttachment3D" parent="Graphics/Armature/Skeleton3D" index="9"]
transform = Transform3D(1, 0, 0, 0, 0.978673, -0.205425, 0, 0.205425, 0.978673, 2.84689e-18, 0.948998, -0.0952436)
bone_name = "hip"
bone_idx = 0

[node name="HitBox" parent="Graphics/Armature/Skeleton3D/Hip" instance=ExtResource("1")]

[node name="CollisionShape3D" type="CollisionShape3D" parent="Graphics/Armature/Skeleton3D/Hip/HitBox"]
transform = Transform3D(0.999619, -2.08616e-07, -0.0275625, -0.0275625, 2.98023e-08, -0.999619, 2.68221e-07, 1, 1.49012e-08, -0.00493318, 0.310998, 0.0744374)
shape = SubResource("6")

[node name="Body" type="BoneAttachment3D" parent="Graphics/Armature/Skeleton3D" index="10"]
transform = Transform3D(1, 1.77636e-15, -2.38419e-07, -2.5024e-08, 0.994477, -0.104958, 2.37102e-07, 0.104958, 0.994477, 2.84689e-18, 1.20205, -0.042127)
bone_name = "body"
bone_idx = 1

[node name="HitBox" parent="Graphics/Armature/Skeleton3D/Body" instance=ExtResource("1")]

[node name="CollisionShape3D" type="CollisionShape3D" parent="Graphics/Armature/Skeleton3D/Body/HitBox"]
transform = Transform3D(0.999619, -0.0102923, -0.025569, -0.0275626, -0.373267, -0.927317, 1.72295e-07, 0.927669, -0.37341, -0.00350791, 0.36269, 0.226685)
shape = SubResource("7")

[node name="HitBox2" parent="Graphics/Armature/Skeleton3D/Body" instance=ExtResource("1")]
transform = Transform3D(1, 0, -1.42109e-14, 0, 1, 0, 0, 0, 1, 0, 0, 0)
weak_spot = true

[node name="CollisionShape3D" type="CollisionShape3D" parent="Graphics/Armature/Skeleton3D/Body/HitBox2"]
transform = Transform3D(0.999619, 0.021537, -0.0172004, -0.0275625, 0.781094, -0.623806, 2.16067e-07, 0.624044, 0.781391, 0.000876872, 0.521718, 0.474156)
shape = SubResource("8")

[node name="CollisionShape3D" type="CollisionShape3D" parent="."]
transform = Transform3D(1, 0, 0, 0, -4.37114e-08, 1, 0, -1, -4.37114e-08, 0, 1, 0)
shape = SubResource("1")

[node name="HealthManager" parent="." instance=ExtResource("4")]
transform = Transform3D(1, 0, 0, 0, 1, 0, 0, 0, 1, 0, 1, 0)
max_health = 20

[node name="CharacterMover" parent="." instance=ExtResource("5")]
move_accel = 2
max_speed = 10
ignore_rotation = true

[node name="AimAtObject" type="Node3D" parent="."]
transform = Transform3D(1, 0, 0, 0, 1, 0, 0, 0, 1, 0, 1, 0.403)
script = ExtResource("6")

[node name="FireballSpawner" parent="AimAtObject" instance=ExtResource("7")]
transform = Transform3D(-1, 0, -8.74228e-08, 0, 1, 0, 8.74228e-08, 0, -1, 0, 0, 0)

[editable path="Graphics"]
